10	4


time	ProDN1Potritt	ProDN2Potritt	ProDN3Potritt	ProDN4Potritt
7	81.28513	4.9803963	9.799659	4.016052
8	71.473175	9.144544	17.979612	2.2364428
9	74.19204	15.397038	8.650071	1.7424622
10	64.7021	14.581774	16.0278	4.300927
11	35.613094	17.299404	41.39621	5.413121
12	14.396531	25.159304	56.805546	1.8662033
14	8.909854	20.315687	63.688557	6.0180507
15	7.7730594	9.861406	66.24653	16.769016
19	4.5107703	6.598871	68.12479	19.771769
20	1.9277049	4.497978	66.82686	26.666584

10	2
time	DN1pre
0.025969554    1.4049445
0.3658694    1.2032529
0.7436475    1.0014527
1.2539277    0.7849356
1.8401079    0.5968747
2.7670488    0.37916288
3.6187353    0.26202533
5.265722    0.1139335
6.818443    0.052133538
8.996226    0.0028782059

10	2
time	DN2
6.0216413    0.010752688
8.293959    0.11290322
9.960324    0.27419356
11.266907    0.43010753
12.76285    0.5860215
14.088367    0.6666667
15.811542    0.6666667
17.4211    0.5967742
18.822363    0.49462366
19.996393    0.4139785

8	2
time	DN3
8.710423    2126.104
10.906671    7604.1255
12.894383    17093.639
14.654762    28300.48
16.339415    39219.55
17.683424    46693.105
19.04642    53306.703
19.955124    57046.71

8	2
time	DN4
8.994548    261.109
11.910447    1781.417
13.633279    3940.7778
15.09092    6636.4155
16.397024    9653.858
17.475914    12562.611
18.78193    16117.688
19.955448    19349.506

12	2
time	DN1
1.4756234    132.05464
3.5186603    652.36847
5.277675    1774.2517
6.8471603    3755.9624
8.246307    5909.3677
9.626671    7718.6475
11.139826    8624.974
12.9373255    8112.5254
14.867804    6224.005
16.571238    4378.03
18.085312    2961.7747
19.958778    1718.299